942517
605676
498291
668826
357057
478151
315629
007148
252887
421662
284505
467650
115330
648206
207562
612298
576885
294200
847595
021597
074878
801997
585401
168510
385293
151863
022142
340350
976151
337989
863284
488310
303887
939173
331413
905657
833617
170794
094486
551394
943693
147970
400196
537505
367493
117178
675840
868721
519081
735564
401733
915348
169233
324651
958675
368753
861460
401341
343222
794373
816374
535119
188234
577779
097792
729303
782637
148159
830641
716890
397853
871196
277603